start (0,0) goal (0.0009043694727607, 0.0)


point 1 = (6.394857895396217e-05, 6.352048286654314e-05)
  leg_course = 0
  t_course =  355.677702670132
  t_range = 93.19756620392714

  expected: 7.071067811865475
  recieved: 7.024001169558365


start (0,0) goal (-0.00016996586425408237, -6.144838424398556e-05)


point 2 = (-0.00011748104099435896, 6.737364617358e-05)
  leg_course = 200
  t_course = 247.83297754795723
  t_range = 15.470210638390602

  expected: -11.49066664678467
  recieved: -11.46638234165774



